321396 1 1152
321011 1 213
321010 1 342
321012 1 35
321012 190 201
315270 1 633
321393 1 127
321393 134 148
315512 1 1122
315510 1 345
315690 10 654
320941 1 93
315357 44 732
315357 736 770
315357 780 831
321067 39 225
321067 232 639
316200 1 10
320674 1 599
320673 35 901
316199 33 1197
321221 1 40
316114 1 777
316114 779 1562
316113 1 64
316110 1 210
316111 1 48
316202 1 134
315689 24 1127
315689 1180 1186
316201 1 498
315764 37 309
320995 26 214
315361 40 619
315363 1 35
315363 37 47
315363 49 67
315363 69 80
315363 82 90
320823 1 360
320822 1 523
320821 41 221
321312 1 768
321313 1 408
321311 1 10
321134 33 70
321231 1 59
321230 41 124
316187 1 1091
316187 1093 1100
316187 1207 2077
316186 38 81
316059 1 321
316059 323 567
316058 42 405
320920 1 178
315366 10 61
315366 67 750
320858 1 230
320712 39 242
315721 33 50
315721 56 626
320853 41 369
320856 1 159
320857 1 272
320854 1 125
320855 1 565
315801 1 344
315800 41 621
321140 1 798
321305 20 2600
321305 2605 2651
321149 35 1424
321149 1426 1476
321149 1478 1553
321149 1558 1576
321149 1578 1588
321149 1591 1743
321124 1 819
321126 1 493
321121 1 47
320859 1 40
321122 1 395
320933 40 214
320934 1 831
320936 1 407
321166 1 10
315786 1 72
320840 1 471
315784 29 33
315784 40 156
315784 158 161
315785 1 198
315785 201 305
320841 1 205
315488 42 843
320838 93 357
315704 1 61
315705 1 700
315702 38 113
315703 1 545
321051 58 1179
321119 45 214
321055 1 302
321055 304 326
321055 328 340
321055 368 759
320996 1 380
321283 48 357
315259 1 172
320980 44 142
315790 1 716
315790 718 922
315257 1 88
315257 91 92
315490 1 24
315557 1 279
315556 1 26
315555 22 97
321233 1 727
315506 13 100
321232 1 30
321262 1 4
315713 35 359
315713 374 385
315713 400 1123
315840 33 1154
321138 1 741
316082 37 407
316153 1 770
320917 1 1926
320916 2 25
315322 23 118
315322 122 1354
315642 1 92
315641 1 4
315640 46 87
315647 1 58
315646 1 1033
315645 1 40
315645 47 390
315645 395 565
315645 567 594
315644 1 184
315648 1 110
321294 1 62
315265 4 58
315264 32 261
321219 1 934
321218 49 962
315489 1 653
315489 672 709
315267 1 244
321178 5 78
315339 37 654
315543 55 171
320757 51 382
321068 1 715
321069 1 313
321006 1 162
321007 1 831
321004 39 188
321005 1 61
321167 1 141
321167 143 143
321167 145 510
321167 512 552
321167 554 691
321167 693 923
321009 1 85
315770 39 332
320888 1 26
315420 28 920
315420 924 942
315420 954 1748
320887 49 321
316062 1 4
316060 1 935
316061 1 23
316061 194 206
320804 46 1274
320807 1 7
315741 34 92
320809 1 716
315973 39 240
315973 262 914
315974 1 71
320688 49 531
