305247 57 433
305248 1 957
297484 1 47
297484 53 208
297484 214 214
297485 1 16
297485 23 253
297485 258 299
297485 302 314
297485 321 420
297486 1 74
297486 79 598
297486 603 625
297487 1 433
297487 439 491
297487 495 603
297487 609 613
305081 52 1107
297099 24 62
297483 37 68
297483 71 201
297483 206 214
299370 1 7
299370 47 442
297488 1 73
297488 80 424
297557 8 28
297557 67 113
297557 119 167
297557 173 174
297557 180 394
297723 1 13
297723 51 222
297722 55 160
297722 165 353
305350 1 21
299178 37 56
299178 58 111
305252 1 548
305351 1 868
297656 64 116
297656 123 135
297656 140 230
297656 269 307
297656 313 330
297656 341 388
297656 393 433
297411 32 737
297411 740 800
297411 807 950
297308 1 44
299369 1 303
299368 37 175
305310 60 157
305310 163 458
305311 1 153
305312 1 227
305313 1 741
305314 1 404
299000 4 77
297558 9 266
297178 1 54
297178 59 334
297178 342 749
297178 754 967
297178 972 1037
297178 1043 1264
297178 1272 1282
297178 1290 1385
305237 1 16
305237 18 1147
299096 2 97
297665 1 153
297665 159 209
297665 214 279
297666 1 11
297666 17 81
297666 86 121
305178 69 74
305178 76 124
297175 1 85
297176 11 120
297176 125 214
297177 1 162
298997 1 37
298997 47 47
298996 33 216
305234 52 99
297468 1 74
297469 1 4
297469 9 70
297467 50 138
305064 1 2045
305062 1 8
305063 1 35
305044 3 203
305044 302 306
305044 309 310
305044 313 313
305044 318 330
305045 1 873
297563 1 254
297563 260 264
297562 1 69
297562 120 369
297670 21 34
297675 1 123
297675 129 239
297675 244 328
297675 334 467
297675 470 471
297674 3 102
297674 108 188
299149 29 470
305236 1 23
305365 1 273
305364 50 147
297598 17 17
297598 22 33
297599 1 169
297599 211 225
297599 230 312
297599 319 385
297599 395 407
305207 52 1077
297219 1 80
297219 85 281
297219 288 579
297219 585 916
297219 921 1429
297219 1436 2004
297219 2010 2638
297218 1 27
305114 1 526
305112 68 1527
305113 9 72
305208 1 372
297606 1 94
297606 99 231
297359 39 70
297359 164 180
297604 1 126
297604 131 272
297604 279 375
297604 381 407
297605 1 6
297605 13 20
297605 24 89
297605 95 223
297605 257 407
297215 1 47
297603 1 420
305046 1 667
305046 671 686
305282 75 207
305204 1 1229
297224 10 19
297224 24 138
297225 1 32
299329 1 172
297227 9 192
305358 91 231
305358 233 253
305188 1 1002
305184 1 8
305186 1 112
305186 120 422
299327 1 72
305180 1 9
305059 63 518
305059 520 575
305179 1 21
297505 1 394
297504 1 41
297504 125 136
297503 5 275
297503 282 559
297503 566 606
297503 612 635
297503 642 772
297503 777 779
299042 33 55
305202 74 132
305202 136 729
297113 1 204
297113 211 252
297293 1 121
297293 127 150
297292 1 125
297292 130 131
297292 136 667
297292 675 753
297114 1 99
297114 106 161
297296 1 236
297296 240 401
297296 406 418
297296 425 497
297050 12 137
297050 193 776
297057 1 4
297057 14 105
297057 112 377
297057 385 418
297057 424 509
297057 516 906
297056 12 203
305349 1 34
297426 1 28
297426 34 84
297426 90 111
297424 32 149
297425 1 107
297425 112 157
305341 1 503
297429 1 72
297620 32 318
297101 1 668
297101 673 697
297101 700 856
297101 862 937
297101 943 1101
297100 1 15
297100 21 369
297100 375 381
297431 1 49
297431 55 64
297431 71 188
297430 1 199
297433 1 159
297432 1 112
297435 1 94
297434 1 161
305181 1 8
299180 5 98
299185 1 120
299184 1 561
305183 1 231
305183 262 266
305338 1 107
305336 36 241
305182 1 8
299061 38 355
299062 1 163
299062 166 303
299064 7 85
299065 13 248
299065 251 342
299067 1 459
