4
bin 13
X= [[ 4.3025482e-01  1.5704344e+01  2.5961301e+02 ... -2.4915261e+00
   2.0281687e+01  4.3960413e-01]
 [ 1.6500905e+00  6.6941872e+01  2.1036176e+02 ...  2.0576303e+00
   2.3574234e+01 -2.0000000e+00]
 [ 4.5789605e-01  1.8834919e+01  3.4694424e+02 ...  0.0000000e+00
   0.0000000e+00 -2.0000000e+00]
 ...
 [ 3.0186391e-01  1.7841131e+01  2.7506271e+02 ...  0.0000000e+00
   0.0000000e+00  5.9669793e-02]
 [ 6.8688238e-01  2.4172354e+01  4.6411176e+02 ...  0.0000000e+00
   0.0000000e+00 -2.0000000e+00]
 [ 5.6206322e-01  3.5846352e+01  3.2713470e+02 ...  0.0000000e+00
   0.0000000e+00 -2.0000000e+00]]
shape= (386, 30)

Loading model
find scaler of bin  13 , mass  2000   1600
shape= (386,)
bin 15
X= [[ 4.3025482e-01  1.5704344e+01  2.5961301e+02 ... -1.9583781e+00
   1.2021015e+02  2.9901299e-01]
 [ 1.6500905e+00  6.6941872e+01  2.1036176e+02 ... -1.0009310e+00
   1.2551398e+02  1.1056147e-01]
 [ 4.5789605e-01  1.8834919e+01  3.4694424e+02 ...  0.0000000e+00
   0.0000000e+00 -2.0000000e+00]
 ...
 [ 3.0186391e-01  1.7841131e+01  2.7506271e+02 ... -2.7709949e+00
   8.8471146e+01  9.9132299e-01]
 [ 6.8688238e-01  2.4172354e+01  4.6411176e+02 ...  0.0000000e+00
   0.0000000e+00  6.3631171e-01]
 [ 5.6206322e-01  3.5846352e+01  3.2713470e+02 ...  8.6513150e-01
   1.6899060e+02  4.0483907e-02]]
shape= (386, 18)

Loading model
find scaler of bin  15 , mass  1400   1350
shape= (386,)
bin 16
X= [[ 4.3025482e-01  1.5704344e+01  2.5961301e+02 ... -1.9583781e+00
   1.2021015e+02  2.9901299e-01]
 [ 1.6500905e+00  6.6941872e+01  2.1036176e+02 ... -1.0009310e+00
   1.2551398e+02  1.1056147e-01]
 [ 4.5789605e-01  1.8834919e+01  3.4694424e+02 ...  0.0000000e+00
   0.0000000e+00 -2.0000000e+00]
 ...
 [ 3.0186391e-01  1.7841131e+01  2.7506271e+02 ... -2.7709949e+00
   8.8471146e+01  9.9132299e-01]
 [ 6.8688238e-01  2.4172354e+01  4.6411176e+02 ...  0.0000000e+00
   0.0000000e+00  6.3631171e-01]
 [ 5.6206322e-01  3.5846352e+01  3.2713470e+02 ...  8.6513150e-01
   1.6899060e+02  4.0483907e-02]]
shape= (386, 18)

Loading model
find scaler of bin  16 , mass  1400   1350
shape= (386,)
bin 18
X= [[ 4.3025482e-01  1.5704344e+01  2.5961301e+02 ... -2.4915261e+00
   2.0281687e+01  4.3960413e-01]
 [ 1.6500905e+00  6.6941872e+01  2.1036176e+02 ...  2.0576303e+00
   2.3574234e+01 -2.0000000e+00]
 [ 4.5789605e-01  1.8834919e+01  3.4694424e+02 ...  0.0000000e+00
   0.0000000e+00 -2.0000000e+00]
 ...
 [ 3.0186391e-01  1.7841131e+01  2.7506271e+02 ...  0.0000000e+00
   0.0000000e+00  5.9669793e-02]
 [ 6.8688238e-01  2.4172354e+01  4.6411176e+02 ...  0.0000000e+00
   0.0000000e+00 -2.0000000e+00]
 [ 5.6206322e-01  3.5846352e+01  3.2713470e+02 ...  0.0000000e+00
   0.0000000e+00 -2.0000000e+00]]
shape= (386, 30)

Loading model
find scaler of bin  18 , mass  1400   1350
shape= (386,)
bin 19
X= [[ 4.3025482e-01  1.5704344e+01  2.5961301e+02 ... -2.4915261e+00
   2.0281687e+01  4.3960413e-01]
 [ 1.6500905e+00  6.6941872e+01  2.1036176e+02 ...  2.0576303e+00
   2.3574234e+01 -2.0000000e+00]
 [ 4.5789605e-01  1.8834919e+01  3.4694424e+02 ...  0.0000000e+00
   0.0000000e+00 -2.0000000e+00]
 ...
 [ 3.0186391e-01  1.7841131e+01  2.7506271e+02 ...  0.0000000e+00
   0.0000000e+00  5.9669793e-02]
 [ 6.8688238e-01  2.4172354e+01  4.6411176e+02 ...  0.0000000e+00
   0.0000000e+00 -2.0000000e+00]
 [ 5.6206322e-01  3.5846352e+01  3.2713470e+02 ...  0.0000000e+00
   0.0000000e+00 -2.0000000e+00]]
shape= (386, 30)

Loading model
find scaler of bin  19 , mass  1400   1350
shape= (386,)
bin 20
X= [[ 4.3025482e-01  1.5704344e+01  2.5961301e+02 ... -2.4915261e+00
   2.0281687e+01  4.3960413e-01]
 [ 1.6500905e+00  6.6941872e+01  2.1036176e+02 ...  2.0576303e+00
   2.3574234e+01 -2.0000000e+00]
 [ 4.5789605e-01  1.8834919e+01  3.4694424e+02 ...  0.0000000e+00
   0.0000000e+00 -2.0000000e+00]
 ...
 [ 3.0186391e-01  1.7841131e+01  2.7506271e+02 ...  0.0000000e+00
   0.0000000e+00  5.9669793e-02]
 [ 6.8688238e-01  2.4172354e+01  4.6411176e+02 ...  0.0000000e+00
   0.0000000e+00 -2.0000000e+00]
 [ 5.6206322e-01  3.5846352e+01  3.2713470e+02 ...  0.0000000e+00
   0.0000000e+00 -2.0000000e+00]]
shape= (386, 30)

Loading model
find scaler of bin  20 , mass  1400   1350
shape= (386,)
bin 23
X= [[ 4.3025482e-01  1.5704344e+01  2.5961301e+02 ... -1.9583781e+00
   1.2021015e+02  2.9901299e-01]
 [ 1.6500905e+00  6.6941872e+01  2.1036176e+02 ... -1.0009310e+00
   1.2551398e+02  1.1056147e-01]
 [ 4.5789605e-01  1.8834919e+01  3.4694424e+02 ...  0.0000000e+00
   0.0000000e+00 -2.0000000e+00]
 ...
 [ 3.0186391e-01  1.7841131e+01  2.7506271e+02 ... -2.7709949e+00
   8.8471146e+01  9.9132299e-01]
 [ 6.8688238e-01  2.4172354e+01  4.6411176e+02 ...  0.0000000e+00
   0.0000000e+00  6.3631171e-01]
 [ 5.6206322e-01  3.5846352e+01  3.2713470e+02 ...  8.6513150e-01
   1.6899060e+02  4.0483907e-02]]
shape= (386, 18)

Loading model
find scaler of bin  23 , mass  1400   1350
shape= (386,)
bin 25
X= [[ 4.3025482e-01  1.5704344e+01  2.5961301e+02 ... -2.4915261e+00
   2.0281687e+01  4.3960413e-01]
 [ 1.6500905e+00  6.6941872e+01  2.1036176e+02 ...  2.0576303e+00
   2.3574234e+01 -2.0000000e+00]
 [ 4.5789605e-01  1.8834919e+01  3.4694424e+02 ...  0.0000000e+00
   0.0000000e+00 -2.0000000e+00]
 ...
 [ 3.0186391e-01  1.7841131e+01  2.7506271e+02 ...  0.0000000e+00
   0.0000000e+00  5.9669793e-02]
 [ 6.8688238e-01  2.4172354e+01  4.6411176e+02 ...  0.0000000e+00
   0.0000000e+00 -2.0000000e+00]
 [ 5.6206322e-01  3.5846352e+01  3.2713470e+02 ...  0.0000000e+00
   0.0000000e+00 -2.0000000e+00]]
shape= (386, 30)

Loading model
find scaler of bin  25 , mass  1400   1350
shape= (386,)
bin 26
X= [[ 4.3025482e-01  1.5704344e+01  2.5961301e+02 ... -2.4915261e+00
   2.0281687e+01  4.3960413e-01]
 [ 1.6500905e+00  6.6941872e+01  2.1036176e+02 ...  2.0576303e+00
   2.3574234e+01 -2.0000000e+00]
 [ 4.5789605e-01  1.8834919e+01  3.4694424e+02 ...  0.0000000e+00
   0.0000000e+00 -2.0000000e+00]
 ...
 [ 3.0186391e-01  1.7841131e+01  2.7506271e+02 ...  0.0000000e+00
   0.0000000e+00  5.9669793e-02]
 [ 6.8688238e-01  2.4172354e+01  4.6411176e+02 ...  0.0000000e+00
   0.0000000e+00 -2.0000000e+00]
 [ 5.6206322e-01  3.5846352e+01  3.2713470e+02 ...  0.0000000e+00
   0.0000000e+00 -2.0000000e+00]]
shape= (386, 30)

Loading model
find scaler of bin  26 , mass  1400   1350
shape= (386,)
bin 32
X= [[ 4.3025482e-01  1.5704344e+01  2.5961301e+02 ... -2.4915261e+00
   2.0281687e+01  4.3960413e-01]
 [ 1.6500905e+00  6.6941872e+01  2.1036176e+02 ...  2.0576303e+00
   2.3574234e+01 -2.0000000e+00]
 [ 4.5789605e-01  1.8834919e+01  3.4694424e+02 ...  0.0000000e+00
   0.0000000e+00 -2.0000000e+00]
 ...
 [ 3.0186391e-01  1.7841131e+01  2.7506271e+02 ...  0.0000000e+00
   0.0000000e+00  5.9669793e-02]
 [ 6.8688238e-01  2.4172354e+01  4.6411176e+02 ...  0.0000000e+00
   0.0000000e+00 -2.0000000e+00]
 [ 5.6206322e-01  3.5846352e+01  3.2713470e+02 ...  0.0000000e+00
   0.0000000e+00 -2.0000000e+00]]
shape= (386, 30)

Loading model
find scaler of bin  32 , mass  1400   1350
shape= (386,)
bin 33
X= [[ 4.3025482e-01  1.5704344e+01  2.5961301e+02 ... -2.4915261e+00
   2.0281687e+01  4.3960413e-01]
 [ 1.6500905e+00  6.6941872e+01  2.1036176e+02 ...  2.0576303e+00
   2.3574234e+01 -2.0000000e+00]
 [ 4.5789605e-01  1.8834919e+01  3.4694424e+02 ...  0.0000000e+00
   0.0000000e+00 -2.0000000e+00]
 ...
 [ 3.0186391e-01  1.7841131e+01  2.7506271e+02 ...  0.0000000e+00
   0.0000000e+00  5.9669793e-02]
 [ 6.8688238e-01  2.4172354e+01  4.6411176e+02 ...  0.0000000e+00
   0.0000000e+00 -2.0000000e+00]
 [ 5.6206322e-01  3.5846352e+01  3.2713470e+02 ...  0.0000000e+00
   0.0000000e+00 -2.0000000e+00]]
shape= (386, 30)

Loading model
find scaler of bin  33 , mass  1400   1350
shape= (386,)
bin 34
X= [[ 4.3025482e-01  1.5704344e+01  2.5961301e+02 ... -2.4915261e+00
   2.0281687e+01  4.3960413e-01]
 [ 1.6500905e+00  6.6941872e+01  2.1036176e+02 ...  2.0576303e+00
   2.3574234e+01 -2.0000000e+00]
 [ 4.5789605e-01  1.8834919e+01  3.4694424e+02 ...  0.0000000e+00
   0.0000000e+00 -2.0000000e+00]
 ...
 [ 3.0186391e-01  1.7841131e+01  2.7506271e+02 ...  0.0000000e+00
   0.0000000e+00  5.9669793e-02]
 [ 6.8688238e-01  2.4172354e+01  4.6411176e+02 ...  0.0000000e+00
   0.0000000e+00 -2.0000000e+00]
 [ 5.6206322e-01  3.5846352e+01  3.2713470e+02 ...  0.0000000e+00
   0.0000000e+00 -2.0000000e+00]]
shape= (386, 30)

Loading model
find scaler of bin  34 , mass  1400   1350
shape= (386,)
bin 45
X= [[ 4.3025482e-01  1.5704344e+01  2.5961301e+02 ...  0.0000000e+00
   0.0000000e+00  4.4031855e-02]
 [ 1.6500905e+00  6.6941872e+01  2.1036176e+02 ...  0.0000000e+00
   0.0000000e+00 -2.0000000e+00]
 [ 4.5789605e-01  1.8834919e+01  3.4694424e+02 ...  0.0000000e+00
   0.0000000e+00 -2.0000000e+00]
 ...
 [ 3.0186391e-01  1.7841131e+01  2.7506271e+02 ...  0.0000000e+00
   0.0000000e+00 -2.0000000e+00]
 [ 6.8688238e-01  2.4172354e+01  4.6411176e+02 ...  0.0000000e+00
   0.0000000e+00 -2.0000000e+00]
 [ 5.6206322e-01  3.5846352e+01  3.2713470e+02 ...  0.0000000e+00
   0.0000000e+00 -2.0000000e+00]]
shape= (386, 42)

Loading model
find scaler of bin  45 , mass  1400   1350
shape= (386,)
bin 46
X= [[ 4.3025482e-01  1.5704344e+01  2.5961301e+02 ...  0.0000000e+00
   0.0000000e+00  4.4031855e-02]
 [ 1.6500905e+00  6.6941872e+01  2.1036176e+02 ...  0.0000000e+00
   0.0000000e+00 -2.0000000e+00]
 [ 4.5789605e-01  1.8834919e+01  3.4694424e+02 ...  0.0000000e+00
   0.0000000e+00 -2.0000000e+00]
 ...
 [ 3.0186391e-01  1.7841131e+01  2.7506271e+02 ...  0.0000000e+00
   0.0000000e+00 -2.0000000e+00]
 [ 6.8688238e-01  2.4172354e+01  4.6411176e+02 ...  0.0000000e+00
   0.0000000e+00 -2.0000000e+00]
 [ 5.6206322e-01  3.5846352e+01  3.2713470e+02 ...  0.0000000e+00
   0.0000000e+00 -2.0000000e+00]]
shape= (386, 42)

Loading model
find scaler of bin  46 , mass  1400   1350
shape= (386,)
bin 54
X= [[ 4.3025482e-01  1.5704344e+01  2.5961301e+02 ...  0.0000000e+00
   0.0000000e+00  4.4031855e-02]
 [ 1.6500905e+00  6.6941872e+01  2.1036176e+02 ...  0.0000000e+00
   0.0000000e+00 -2.0000000e+00]
 [ 4.5789605e-01  1.8834919e+01  3.4694424e+02 ...  0.0000000e+00
   0.0000000e+00 -2.0000000e+00]
 ...
 [ 3.0186391e-01  1.7841131e+01  2.7506271e+02 ...  0.0000000e+00
   0.0000000e+00 -2.0000000e+00]
 [ 6.8688238e-01  2.4172354e+01  4.6411176e+02 ...  0.0000000e+00
   0.0000000e+00 -2.0000000e+00]
 [ 5.6206322e-01  3.5846352e+01  3.2713470e+02 ...  0.0000000e+00
   0.0000000e+00 -2.0000000e+00]]
shape= (386, 42)

Loading model
find scaler of bin  54 , mass  1400   1350
shape= (386,)
bin 55
X= [[ 4.3025482e-01  1.5704344e+01  2.5961301e+02 ...  0.0000000e+00
   0.0000000e+00  4.4031855e-02]
 [ 1.6500905e+00  6.6941872e+01  2.1036176e+02 ...  0.0000000e+00
   0.0000000e+00 -2.0000000e+00]
 [ 4.5789605e-01  1.8834919e+01  3.4694424e+02 ...  0.0000000e+00
   0.0000000e+00 -2.0000000e+00]
 ...
 [ 3.0186391e-01  1.7841131e+01  2.7506271e+02 ...  0.0000000e+00
   0.0000000e+00 -2.0000000e+00]
 [ 6.8688238e-01  2.4172354e+01  4.6411176e+02 ...  0.0000000e+00
   0.0000000e+00 -2.0000000e+00]
 [ 5.6206322e-01  3.5846352e+01  3.2713470e+02 ...  0.0000000e+00
   0.0000000e+00 -2.0000000e+00]]
shape= (386, 42)

Loading model
find scaler of bin  55 , mass  1400   1350
shape= (386,)
bin 57
X= [[ 4.3025482e-01  1.5704344e+01  2.5961301e+02 ...  0.0000000e+00
   0.0000000e+00  4.4031855e-02]
 [ 1.6500905e+00  6.6941872e+01  2.1036176e+02 ...  0.0000000e+00
   0.0000000e+00 -2.0000000e+00]
 [ 4.5789605e-01  1.8834919e+01  3.4694424e+02 ...  0.0000000e+00
   0.0000000e+00 -2.0000000e+00]
 ...
 [ 3.0186391e-01  1.7841131e+01  2.7506271e+02 ...  0.0000000e+00
   0.0000000e+00 -2.0000000e+00]
 [ 6.8688238e-01  2.4172354e+01  4.6411176e+02 ...  0.0000000e+00
   0.0000000e+00 -2.0000000e+00]
 [ 5.6206322e-01  3.5846352e+01  3.2713470e+02 ...  0.0000000e+00
   0.0000000e+00 -2.0000000e+00]]
shape= (386, 42)

Loading model
find scaler of bin  57 , mass  2000   1600
shape= (386,)
bin 64
X= [[ 4.3025482e-01  1.5704344e+01  2.5961301e+02 ...  0.0000000e+00
   0.0000000e+00  4.4031855e-02]
 [ 1.6500905e+00  6.6941872e+01  2.1036176e+02 ...  0.0000000e+00
   0.0000000e+00 -2.0000000e+00]
 [ 4.5789605e-01  1.8834919e+01  3.4694424e+02 ...  0.0000000e+00
   0.0000000e+00 -2.0000000e+00]
 ...
 [ 3.0186391e-01  1.7841131e+01  2.7506271e+02 ...  0.0000000e+00
   0.0000000e+00 -2.0000000e+00]
 [ 6.8688238e-01  2.4172354e+01  4.6411176e+02 ...  0.0000000e+00
   0.0000000e+00 -2.0000000e+00]
 [ 5.6206322e-01  3.5846352e+01  3.2713470e+02 ...  0.0000000e+00
   0.0000000e+00 -2.0000000e+00]]
shape= (386, 42)

Loading model
find scaler of bin  64 , mass  2400   200
shape= (386,)
bin 65
X= [[ 4.3025482e-01  1.5704344e+01  2.5961301e+02 ...  0.0000000e+00
   0.0000000e+00  4.4031855e-02]
 [ 1.6500905e+00  6.6941872e+01  2.1036176e+02 ...  0.0000000e+00
   0.0000000e+00 -2.0000000e+00]
 [ 4.5789605e-01  1.8834919e+01  3.4694424e+02 ...  0.0000000e+00
   0.0000000e+00 -2.0000000e+00]
 ...
 [ 3.0186391e-01  1.7841131e+01  2.7506271e+02 ...  0.0000000e+00
   0.0000000e+00 -2.0000000e+00]
 [ 6.8688238e-01  2.4172354e+01  4.6411176e+02 ...  0.0000000e+00
   0.0000000e+00 -2.0000000e+00]
 [ 5.6206322e-01  3.5846352e+01  3.2713470e+02 ...  0.0000000e+00
   0.0000000e+00 -2.0000000e+00]]
shape= (386, 42)

Loading model
find scaler of bin  65 , mass  1400   1350
shape= (386,)
/scratch/wjin/featurereduced4/llcontrol_score/score1_forT1bbbb_2016_wz_binV5.npy  saved
