4
bin 0
X= [[ 7.3377496e-01  5.1988949e+01  2.2519330e+02 ...  1.4689343e+00
   5.9804749e+01  4.6894897e-02]
 [ 7.2870529e-01  2.0130058e+01  2.3994125e+02 ...  0.0000000e+00
   0.0000000e+00  4.2498741e-02]
 [ 1.0404629e+00  1.2675718e+01  3.0421774e+02 ...  0.0000000e+00
   0.0000000e+00  9.8332599e-02]
 ...
 [ 4.7071123e-01  1.3109143e+02  4.3546768e+02 ... -2.4679284e+00
   1.2890846e+02  4.5849320e-02]
 [ 2.1058455e+00  4.2324371e+01  3.5355435e+02 ...  1.3626782e+00
   1.1383536e+02  4.3024395e-02]
 [ 1.4011515e+00  3.2027496e+01  3.0071167e+02 ...  0.0000000e+00
   0.0000000e+00 -2.0000000e+00]]
shape= (1224, 18)

Loading model
find scaler of bin  0 , mass  1100   900
shape= (1224,)
bin 8
X= [[ 7.3377496e-01  5.1988949e+01  2.2519330e+02 ...  1.4689343e+00
   5.9804749e+01  4.6894897e-02]
 [ 7.2870529e-01  2.0130058e+01  2.3994125e+02 ...  0.0000000e+00
   0.0000000e+00  4.2498741e-02]
 [ 1.0404629e+00  1.2675718e+01  3.0421774e+02 ...  0.0000000e+00
   0.0000000e+00  9.8332599e-02]
 ...
 [ 4.7071123e-01  1.3109143e+02  4.3546768e+02 ... -2.4679284e+00
   1.2890846e+02  4.5849320e-02]
 [ 2.1058455e+00  4.2324371e+01  3.5355435e+02 ...  1.3626782e+00
   1.1383536e+02  4.3024395e-02]
 [ 1.4011515e+00  3.2027496e+01  3.0071167e+02 ...  0.0000000e+00
   0.0000000e+00 -2.0000000e+00]]
shape= (1224, 18)

Loading model
find scaler of bin  8 , mass  1100   900
shape= (1224,)
bin 10
X= [[ 7.3377496e-01  5.1988949e+01  2.2519330e+02 ...  0.0000000e+00
   0.0000000e+00  1.5006517e-01]
 [ 7.2870529e-01  2.0130058e+01  2.3994125e+02 ...  0.0000000e+00
   0.0000000e+00 -2.0000000e+00]
 [ 1.0404629e+00  1.2675718e+01  3.0421774e+02 ...  0.0000000e+00
   0.0000000e+00  1.7331882e-01]
 ...
 [ 4.7071123e-01  1.3109143e+02  4.3546768e+02 ...  0.0000000e+00
   0.0000000e+00  6.4836852e-02]
 [ 2.1058455e+00  4.2324371e+01  3.5355435e+02 ...  0.0000000e+00
   0.0000000e+00  6.4836852e-02]
 [ 1.4011515e+00  3.2027496e+01  3.0071167e+02 ...  0.0000000e+00
   0.0000000e+00  2.6915589e-01]]
shape= (1224, 30)

Loading model
find scaler of bin  10 , mass  1100   900
shape= (1224,)
bin 11
X= [[ 7.3377496e-01  5.1988949e+01  2.2519330e+02 ...  0.0000000e+00
   0.0000000e+00  1.5006517e-01]
 [ 7.2870529e-01  2.0130058e+01  2.3994125e+02 ...  0.0000000e+00
   0.0000000e+00 -2.0000000e+00]
 [ 1.0404629e+00  1.2675718e+01  3.0421774e+02 ...  0.0000000e+00
   0.0000000e+00  1.7331882e-01]
 ...
 [ 4.7071123e-01  1.3109143e+02  4.3546768e+02 ...  0.0000000e+00
   0.0000000e+00  6.4836852e-02]
 [ 2.1058455e+00  4.2324371e+01  3.5355435e+02 ...  0.0000000e+00
   0.0000000e+00  6.4836852e-02]
 [ 1.4011515e+00  3.2027496e+01  3.0071167e+02 ...  0.0000000e+00
   0.0000000e+00  2.6915589e-01]]
shape= (1224, 30)

Loading model
find scaler of bin  11 , mass  1100   900
shape= (1224,)
bin 14
X= [[ 7.3377496e-01  5.1988949e+01  2.2519330e+02 ...  1.4689343e+00
   5.9804749e+01  4.6894897e-02]
 [ 7.2870529e-01  2.0130058e+01  2.3994125e+02 ...  0.0000000e+00
   0.0000000e+00  4.2498741e-02]
 [ 1.0404629e+00  1.2675718e+01  3.0421774e+02 ...  0.0000000e+00
   0.0000000e+00  9.8332599e-02]
 ...
 [ 4.7071123e-01  1.3109143e+02  4.3546768e+02 ... -2.4679284e+00
   1.2890846e+02  4.5849320e-02]
 [ 2.1058455e+00  4.2324371e+01  3.5355435e+02 ...  1.3626782e+00
   1.1383536e+02  4.3024395e-02]
 [ 1.4011515e+00  3.2027496e+01  3.0071167e+02 ...  0.0000000e+00
   0.0000000e+00 -2.0000000e+00]]
shape= (1224, 18)

Loading model
find scaler of bin  14 , mass  1500   900
shape= (1224,)
bin 15
X= [[ 7.3377496e-01  5.1988949e+01  2.2519330e+02 ...  1.4689343e+00
   5.9804749e+01  4.6894897e-02]
 [ 7.2870529e-01  2.0130058e+01  2.3994125e+02 ...  0.0000000e+00
   0.0000000e+00  4.2498741e-02]
 [ 1.0404629e+00  1.2675718e+01  3.0421774e+02 ...  0.0000000e+00
   0.0000000e+00  9.8332599e-02]
 ...
 [ 4.7071123e-01  1.3109143e+02  4.3546768e+02 ... -2.4679284e+00
   1.2890846e+02  4.5849320e-02]
 [ 2.1058455e+00  4.2324371e+01  3.5355435e+02 ...  1.3626782e+00
   1.1383536e+02  4.3024395e-02]
 [ 1.4011515e+00  3.2027496e+01  3.0071167e+02 ...  0.0000000e+00
   0.0000000e+00 -2.0000000e+00]]
shape= (1224, 18)

Loading model
find scaler of bin  15 , mass  1500   900
shape= (1224,)
bin 17
X= [[ 7.3377496e-01  5.1988949e+01  2.2519330e+02 ...  0.0000000e+00
   0.0000000e+00  1.5006517e-01]
 [ 7.2870529e-01  2.0130058e+01  2.3994125e+02 ...  0.0000000e+00
   0.0000000e+00 -2.0000000e+00]
 [ 1.0404629e+00  1.2675718e+01  3.0421774e+02 ...  0.0000000e+00
   0.0000000e+00  1.7331882e-01]
 ...
 [ 4.7071123e-01  1.3109143e+02  4.3546768e+02 ...  0.0000000e+00
   0.0000000e+00  6.4836852e-02]
 [ 2.1058455e+00  4.2324371e+01  3.5355435e+02 ...  0.0000000e+00
   0.0000000e+00  6.4836852e-02]
 [ 1.4011515e+00  3.2027496e+01  3.0071167e+02 ...  0.0000000e+00
   0.0000000e+00  2.6915589e-01]]
shape= (1224, 30)

Loading model
find scaler of bin  17 , mass  1500   900
shape= (1224,)
bin 18
X= [[ 7.3377496e-01  5.1988949e+01  2.2519330e+02 ...  0.0000000e+00
   0.0000000e+00  1.5006517e-01]
 [ 7.2870529e-01  2.0130058e+01  2.3994125e+02 ...  0.0000000e+00
   0.0000000e+00 -2.0000000e+00]
 [ 1.0404629e+00  1.2675718e+01  3.0421774e+02 ...  0.0000000e+00
   0.0000000e+00  1.7331882e-01]
 ...
 [ 4.7071123e-01  1.3109143e+02  4.3546768e+02 ...  0.0000000e+00
   0.0000000e+00  6.4836852e-02]
 [ 2.1058455e+00  4.2324371e+01  3.5355435e+02 ...  0.0000000e+00
   0.0000000e+00  6.4836852e-02]
 [ 1.4011515e+00  3.2027496e+01  3.0071167e+02 ...  0.0000000e+00
   0.0000000e+00  2.6915589e-01]]
shape= (1224, 30)

Loading model
find scaler of bin  18 , mass  1500   900
shape= (1224,)
bin 19
X= [[ 7.3377496e-01  5.1988949e+01  2.2519330e+02 ...  0.0000000e+00
   0.0000000e+00  1.5006517e-01]
 [ 7.2870529e-01  2.0130058e+01  2.3994125e+02 ...  0.0000000e+00
   0.0000000e+00 -2.0000000e+00]
 [ 1.0404629e+00  1.2675718e+01  3.0421774e+02 ...  0.0000000e+00
   0.0000000e+00  1.7331882e-01]
 ...
 [ 4.7071123e-01  1.3109143e+02  4.3546768e+02 ...  0.0000000e+00
   0.0000000e+00  6.4836852e-02]
 [ 2.1058455e+00  4.2324371e+01  3.5355435e+02 ...  0.0000000e+00
   0.0000000e+00  6.4836852e-02]
 [ 1.4011515e+00  3.2027496e+01  3.0071167e+02 ...  0.0000000e+00
   0.0000000e+00  2.6915589e-01]]
shape= (1224, 30)

Loading model
find scaler of bin  19 , mass  1100   900
shape= (1224,)
bin 21
X= [[ 7.3377496e-01  5.1988949e+01  2.2519330e+02 ...  1.4689343e+00
   5.9804749e+01  4.6894897e-02]
 [ 7.2870529e-01  2.0130058e+01  2.3994125e+02 ...  0.0000000e+00
   0.0000000e+00  4.2498741e-02]
 [ 1.0404629e+00  1.2675718e+01  3.0421774e+02 ...  0.0000000e+00
   0.0000000e+00  9.8332599e-02]
 ...
 [ 4.7071123e-01  1.3109143e+02  4.3546768e+02 ... -2.4679284e+00
   1.2890846e+02  4.5849320e-02]
 [ 2.1058455e+00  4.2324371e+01  3.5355435e+02 ...  1.3626782e+00
   1.1383536e+02  4.3024395e-02]
 [ 1.4011515e+00  3.2027496e+01  3.0071167e+02 ...  0.0000000e+00
   0.0000000e+00 -2.0000000e+00]]
shape= (1224, 18)

Loading model
find scaler of bin  21 , mass  1900   200
shape= (1224,)
bin 22
X= [[ 7.3377496e-01  5.1988949e+01  2.2519330e+02 ...  1.4689343e+00
   5.9804749e+01  4.6894897e-02]
 [ 7.2870529e-01  2.0130058e+01  2.3994125e+02 ...  0.0000000e+00
   0.0000000e+00  4.2498741e-02]
 [ 1.0404629e+00  1.2675718e+01  3.0421774e+02 ...  0.0000000e+00
   0.0000000e+00  9.8332599e-02]
 ...
 [ 4.7071123e-01  1.3109143e+02  4.3546768e+02 ... -2.4679284e+00
   1.2890846e+02  4.5849320e-02]
 [ 2.1058455e+00  4.2324371e+01  3.5355435e+02 ...  1.3626782e+00
   1.1383536e+02  4.3024395e-02]
 [ 1.4011515e+00  3.2027496e+01  3.0071167e+02 ...  0.0000000e+00
   0.0000000e+00 -2.0000000e+00]]
shape= (1224, 18)

Loading model
find scaler of bin  22 , mass  1500   900
shape= (1224,)
bin 24
X= [[ 7.3377496e-01  5.1988949e+01  2.2519330e+02 ...  0.0000000e+00
   0.0000000e+00  1.5006517e-01]
 [ 7.2870529e-01  2.0130058e+01  2.3994125e+02 ...  0.0000000e+00
   0.0000000e+00 -2.0000000e+00]
 [ 1.0404629e+00  1.2675718e+01  3.0421774e+02 ...  0.0000000e+00
   0.0000000e+00  1.7331882e-01]
 ...
 [ 4.7071123e-01  1.3109143e+02  4.3546768e+02 ...  0.0000000e+00
   0.0000000e+00  6.4836852e-02]
 [ 2.1058455e+00  4.2324371e+01  3.5355435e+02 ...  0.0000000e+00
   0.0000000e+00  6.4836852e-02]
 [ 1.4011515e+00  3.2027496e+01  3.0071167e+02 ...  0.0000000e+00
   0.0000000e+00  2.6915589e-01]]
shape= (1224, 30)

Loading model
find scaler of bin  24 , mass  1900   600
shape= (1224,)
bin 25
X= [[ 7.3377496e-01  5.1988949e+01  2.2519330e+02 ...  0.0000000e+00
   0.0000000e+00  1.5006517e-01]
 [ 7.2870529e-01  2.0130058e+01  2.3994125e+02 ...  0.0000000e+00
   0.0000000e+00 -2.0000000e+00]
 [ 1.0404629e+00  1.2675718e+01  3.0421774e+02 ...  0.0000000e+00
   0.0000000e+00  1.7331882e-01]
 ...
 [ 4.7071123e-01  1.3109143e+02  4.3546768e+02 ...  0.0000000e+00
   0.0000000e+00  6.4836852e-02]
 [ 2.1058455e+00  4.2324371e+01  3.5355435e+02 ...  0.0000000e+00
   0.0000000e+00  6.4836852e-02]
 [ 1.4011515e+00  3.2027496e+01  3.0071167e+02 ...  0.0000000e+00
   0.0000000e+00  2.6915589e-01]]
shape= (1224, 30)

Loading model
find scaler of bin  25 , mass  1500   900
shape= (1224,)
bin 26
X= [[ 7.3377496e-01  5.1988949e+01  2.2519330e+02 ...  0.0000000e+00
   0.0000000e+00  1.5006517e-01]
 [ 7.2870529e-01  2.0130058e+01  2.3994125e+02 ...  0.0000000e+00
   0.0000000e+00 -2.0000000e+00]
 [ 1.0404629e+00  1.2675718e+01  3.0421774e+02 ...  0.0000000e+00
   0.0000000e+00  1.7331882e-01]
 ...
 [ 4.7071123e-01  1.3109143e+02  4.3546768e+02 ...  0.0000000e+00
   0.0000000e+00  6.4836852e-02]
 [ 2.1058455e+00  4.2324371e+01  3.5355435e+02 ...  0.0000000e+00
   0.0000000e+00  6.4836852e-02]
 [ 1.4011515e+00  3.2027496e+01  3.0071167e+02 ...  0.0000000e+00
   0.0000000e+00  2.6915589e-01]]
shape= (1224, 30)

Loading model
find scaler of bin  26 , mass  1100   900
shape= (1224,)
bin 28
X= [[ 7.3377496e-01  5.1988949e+01  2.2519330e+02 ...  1.4689343e+00
   5.9804749e+01  4.6894897e-02]
 [ 7.2870529e-01  2.0130058e+01  2.3994125e+02 ...  0.0000000e+00
   0.0000000e+00  4.2498741e-02]
 [ 1.0404629e+00  1.2675718e+01  3.0421774e+02 ...  0.0000000e+00
   0.0000000e+00  9.8332599e-02]
 ...
 [ 4.7071123e-01  1.3109143e+02  4.3546768e+02 ... -2.4679284e+00
   1.2890846e+02  4.5849320e-02]
 [ 2.1058455e+00  4.2324371e+01  3.5355435e+02 ...  1.3626782e+00
   1.1383536e+02  4.3024395e-02]
 [ 1.4011515e+00  3.2027496e+01  3.0071167e+02 ...  0.0000000e+00
   0.0000000e+00 -2.0000000e+00]]
shape= (1224, 18)

Loading model
find scaler of bin  28 , mass  1900   200
shape= (1224,)
bin 29
X= [[ 7.3377496e-01  5.1988949e+01  2.2519330e+02 ...  1.4689343e+00
   5.9804749e+01  4.6894897e-02]
 [ 7.2870529e-01  2.0130058e+01  2.3994125e+02 ...  0.0000000e+00
   0.0000000e+00  4.2498741e-02]
 [ 1.0404629e+00  1.2675718e+01  3.0421774e+02 ...  0.0000000e+00
   0.0000000e+00  9.8332599e-02]
 ...
 [ 4.7071123e-01  1.3109143e+02  4.3546768e+02 ... -2.4679284e+00
   1.2890846e+02  4.5849320e-02]
 [ 2.1058455e+00  4.2324371e+01  3.5355435e+02 ...  1.3626782e+00
   1.1383536e+02  4.3024395e-02]
 [ 1.4011515e+00  3.2027496e+01  3.0071167e+02 ...  0.0000000e+00
   0.0000000e+00 -2.0000000e+00]]
shape= (1224, 18)

Loading model
find scaler of bin  29 , mass  1900   200
shape= (1224,)
bin 31
X= [[ 7.3377496e-01  5.1988949e+01  2.2519330e+02 ...  0.0000000e+00
   0.0000000e+00  1.5006517e-01]
 [ 7.2870529e-01  2.0130058e+01  2.3994125e+02 ...  0.0000000e+00
   0.0000000e+00 -2.0000000e+00]
 [ 1.0404629e+00  1.2675718e+01  3.0421774e+02 ...  0.0000000e+00
   0.0000000e+00  1.7331882e-01]
 ...
 [ 4.7071123e-01  1.3109143e+02  4.3546768e+02 ...  0.0000000e+00
   0.0000000e+00  6.4836852e-02]
 [ 2.1058455e+00  4.2324371e+01  3.5355435e+02 ...  0.0000000e+00
   0.0000000e+00  6.4836852e-02]
 [ 1.4011515e+00  3.2027496e+01  3.0071167e+02 ...  0.0000000e+00
   0.0000000e+00  2.6915589e-01]]
shape= (1224, 30)

Loading model
find scaler of bin  31 , mass  1900   200
shape= (1224,)
bin 32
X= [[ 7.3377496e-01  5.1988949e+01  2.2519330e+02 ...  0.0000000e+00
   0.0000000e+00  1.5006517e-01]
 [ 7.2870529e-01  2.0130058e+01  2.3994125e+02 ...  0.0000000e+00
   0.0000000e+00 -2.0000000e+00]
 [ 1.0404629e+00  1.2675718e+01  3.0421774e+02 ...  0.0000000e+00
   0.0000000e+00  1.7331882e-01]
 ...
 [ 4.7071123e-01  1.3109143e+02  4.3546768e+02 ...  0.0000000e+00
   0.0000000e+00  6.4836852e-02]
 [ 2.1058455e+00  4.2324371e+01  3.5355435e+02 ...  0.0000000e+00
   0.0000000e+00  6.4836852e-02]
 [ 1.4011515e+00  3.2027496e+01  3.0071167e+02 ...  0.0000000e+00
   0.0000000e+00  2.6915589e-01]]
shape= (1224, 30)

Loading model
find scaler of bin  32 , mass  1900   200
shape= (1224,)
bin 39
X= [[  0.73377496  51.98895    225.1933     ...   0.           0.
   -2.        ]
 [  0.7287053   20.130058   239.94125    ...   0.           0.
   -2.        ]
 [  1.0404629   12.675718   304.21774    ...   0.           0.
   -2.        ]
 ...
 [  0.47071123 131.09143    435.46768    ...   0.           0.
   -2.        ]
 [  2.1058455   42.32437    353.55435    ...   0.           0.
   -2.        ]
 [  1.4011515   32.027496   300.71167    ...   0.           0.
   -2.        ]]
shape= (1224, 66)

Loading model
find scaler of bin  39 , mass  1100   900
shape= (1224,)
bin 43
X= [[ 7.3377496e-01  5.1988949e+01  2.2519330e+02 ...  0.0000000e+00
   0.0000000e+00  1.2126686e-01]
 [ 7.2870529e-01  2.0130058e+01  2.3994125e+02 ...  0.0000000e+00
   0.0000000e+00 -2.0000000e+00]
 [ 1.0404629e+00  1.2675718e+01  3.0421774e+02 ...  0.0000000e+00
   0.0000000e+00 -2.0000000e+00]
 ...
 [ 4.7071123e-01  1.3109143e+02  4.3546768e+02 ...  0.0000000e+00
   0.0000000e+00 -2.0000000e+00]
 [ 2.1058455e+00  4.2324371e+01  3.5355435e+02 ...  0.0000000e+00
   0.0000000e+00 -2.0000000e+00]
 [ 1.4011515e+00  3.2027496e+01  3.0071167e+02 ...  0.0000000e+00
   0.0000000e+00 -2.0000000e+00]]
shape= (1224, 42)

Loading model
find scaler of bin  43 , mass  1500   900
shape= (1224,)
bin 44
X= [[ 7.3377496e-01  5.1988949e+01  2.2519330e+02 ...  0.0000000e+00
   0.0000000e+00  1.2126686e-01]
 [ 7.2870529e-01  2.0130058e+01  2.3994125e+02 ...  0.0000000e+00
   0.0000000e+00 -2.0000000e+00]
 [ 1.0404629e+00  1.2675718e+01  3.0421774e+02 ...  0.0000000e+00
   0.0000000e+00 -2.0000000e+00]
 ...
 [ 4.7071123e-01  1.3109143e+02  4.3546768e+02 ...  0.0000000e+00
   0.0000000e+00 -2.0000000e+00]
 [ 2.1058455e+00  4.2324371e+01  3.5355435e+02 ...  0.0000000e+00
   0.0000000e+00 -2.0000000e+00]
 [ 1.4011515e+00  3.2027496e+01  3.0071167e+02 ...  0.0000000e+00
   0.0000000e+00 -2.0000000e+00]]
shape= (1224, 42)

Loading model
find scaler of bin  44 , mass  1100   900
shape= (1224,)
bin 45
X= [[ 7.3377496e-01  5.1988949e+01  2.2519330e+02 ...  0.0000000e+00
   0.0000000e+00  1.2126686e-01]
 [ 7.2870529e-01  2.0130058e+01  2.3994125e+02 ...  0.0000000e+00
   0.0000000e+00 -2.0000000e+00]
 [ 1.0404629e+00  1.2675718e+01  3.0421774e+02 ...  0.0000000e+00
   0.0000000e+00 -2.0000000e+00]
 ...
 [ 4.7071123e-01  1.3109143e+02  4.3546768e+02 ...  0.0000000e+00
   0.0000000e+00 -2.0000000e+00]
 [ 2.1058455e+00  4.2324371e+01  3.5355435e+02 ...  0.0000000e+00
   0.0000000e+00 -2.0000000e+00]
 [ 1.4011515e+00  3.2027496e+01  3.0071167e+02 ...  0.0000000e+00
   0.0000000e+00 -2.0000000e+00]]
shape= (1224, 42)

Loading model
find scaler of bin  45 , mass  1100   900
shape= (1224,)
bin 48
X= [[  0.73377496  51.98895    225.1933     ...   0.           0.
   -2.        ]
 [  0.7287053   20.130058   239.94125    ...   0.           0.
   -2.        ]
 [  1.0404629   12.675718   304.21774    ...   0.           0.
   -2.        ]
 ...
 [  0.47071123 131.09143    435.46768    ...   0.           0.
   -2.        ]
 [  2.1058455   42.32437    353.55435    ...   0.           0.
   -2.        ]
 [  1.4011515   32.027496   300.71167    ...   0.           0.
   -2.        ]]
shape= (1224, 66)

Loading model
find scaler of bin  48 , mass  1100   900
shape= (1224,)
bin 49
X= [[  0.73377496  51.98895    225.1933     ...   0.           0.
   -2.        ]
 [  0.7287053   20.130058   239.94125    ...   0.           0.
   -2.        ]
 [  1.0404629   12.675718   304.21774    ...   0.           0.
   -2.        ]
 ...
 [  0.47071123 131.09143    435.46768    ...   0.           0.
   -2.        ]
 [  2.1058455   42.32437    353.55435    ...   0.           0.
   -2.        ]
 [  1.4011515   32.027496   300.71167    ...   0.           0.
   -2.        ]]
shape= (1224, 66)

Loading model
find scaler of bin  49 , mass  1100   900
shape= (1224,)
bin 53
X= [[ 7.3377496e-01  5.1988949e+01  2.2519330e+02 ...  0.0000000e+00
   0.0000000e+00  1.2126686e-01]
 [ 7.2870529e-01  2.0130058e+01  2.3994125e+02 ...  0.0000000e+00
   0.0000000e+00 -2.0000000e+00]
 [ 1.0404629e+00  1.2675718e+01  3.0421774e+02 ...  0.0000000e+00
   0.0000000e+00 -2.0000000e+00]
 ...
 [ 4.7071123e-01  1.3109143e+02  4.3546768e+02 ...  0.0000000e+00
   0.0000000e+00 -2.0000000e+00]
 [ 2.1058455e+00  4.2324371e+01  3.5355435e+02 ...  0.0000000e+00
   0.0000000e+00 -2.0000000e+00]
 [ 1.4011515e+00  3.2027496e+01  3.0071167e+02 ...  0.0000000e+00
   0.0000000e+00 -2.0000000e+00]]
shape= (1224, 42)

Loading model
find scaler of bin  53 , mass  1500   900
shape= (1224,)
bin 54
X= [[ 7.3377496e-01  5.1988949e+01  2.2519330e+02 ...  0.0000000e+00
   0.0000000e+00  1.2126686e-01]
 [ 7.2870529e-01  2.0130058e+01  2.3994125e+02 ...  0.0000000e+00
   0.0000000e+00 -2.0000000e+00]
 [ 1.0404629e+00  1.2675718e+01  3.0421774e+02 ...  0.0000000e+00
   0.0000000e+00 -2.0000000e+00]
 ...
 [ 4.7071123e-01  1.3109143e+02  4.3546768e+02 ...  0.0000000e+00
   0.0000000e+00 -2.0000000e+00]
 [ 2.1058455e+00  4.2324371e+01  3.5355435e+02 ...  0.0000000e+00
   0.0000000e+00 -2.0000000e+00]
 [ 1.4011515e+00  3.2027496e+01  3.0071167e+02 ...  0.0000000e+00
   0.0000000e+00 -2.0000000e+00]]
shape= (1224, 42)

Loading model
find scaler of bin  54 , mass  1500   900
shape= (1224,)
bin 63
X= [[ 7.3377496e-01  5.1988949e+01  2.2519330e+02 ...  0.0000000e+00
   0.0000000e+00  1.2126686e-01]
 [ 7.2870529e-01  2.0130058e+01  2.3994125e+02 ...  0.0000000e+00
   0.0000000e+00 -2.0000000e+00]
 [ 1.0404629e+00  1.2675718e+01  3.0421774e+02 ...  0.0000000e+00
   0.0000000e+00 -2.0000000e+00]
 ...
 [ 4.7071123e-01  1.3109143e+02  4.3546768e+02 ...  0.0000000e+00
   0.0000000e+00 -2.0000000e+00]
 [ 2.1058455e+00  4.2324371e+01  3.5355435e+02 ...  0.0000000e+00
   0.0000000e+00 -2.0000000e+00]
 [ 1.4011515e+00  3.2027496e+01  3.0071167e+02 ...  0.0000000e+00
   0.0000000e+00 -2.0000000e+00]]
shape= (1224, 42)

Loading model
find scaler of bin  63 , mass  1900   200
shape= (1224,)
bin 64
X= [[ 7.3377496e-01  5.1988949e+01  2.2519330e+02 ...  0.0000000e+00
   0.0000000e+00  1.2126686e-01]
 [ 7.2870529e-01  2.0130058e+01  2.3994125e+02 ...  0.0000000e+00
   0.0000000e+00 -2.0000000e+00]
 [ 1.0404629e+00  1.2675718e+01  3.0421774e+02 ...  0.0000000e+00
   0.0000000e+00 -2.0000000e+00]
 ...
 [ 4.7071123e-01  1.3109143e+02  4.3546768e+02 ...  0.0000000e+00
   0.0000000e+00 -2.0000000e+00]
 [ 2.1058455e+00  4.2324371e+01  3.5355435e+02 ...  0.0000000e+00
   0.0000000e+00 -2.0000000e+00]
 [ 1.4011515e+00  3.2027496e+01  3.0071167e+02 ...  0.0000000e+00
   0.0000000e+00 -2.0000000e+00]]
shape= (1224, 42)

Loading model
find scaler of bin  64 , mass  1500   900
shape= (1224,)
bin 65
X= [[ 7.3377496e-01  5.1988949e+01  2.2519330e+02 ...  0.0000000e+00
   0.0000000e+00  1.2126686e-01]
 [ 7.2870529e-01  2.0130058e+01  2.3994125e+02 ...  0.0000000e+00
   0.0000000e+00 -2.0000000e+00]
 [ 1.0404629e+00  1.2675718e+01  3.0421774e+02 ...  0.0000000e+00
   0.0000000e+00 -2.0000000e+00]
 ...
 [ 4.7071123e-01  1.3109143e+02  4.3546768e+02 ...  0.0000000e+00
   0.0000000e+00 -2.0000000e+00]
 [ 2.1058455e+00  4.2324371e+01  3.5355435e+02 ...  0.0000000e+00
   0.0000000e+00 -2.0000000e+00]
 [ 1.4011515e+00  3.2027496e+01  3.0071167e+02 ...  0.0000000e+00
   0.0000000e+00 -2.0000000e+00]]
shape= (1224, 42)

Loading model
find scaler of bin  65 , mass  1100   900
shape= (1224,)
/scratch/wjin/featurereduced4/llcontrol_score/score1_forT2qq_2016_ww_binV5.npy  saved
